NGC5194-4.3+63.3     8930  700           5670  370           162 40 5670 370 3820 530 5670 370 4870 500 162  40 27.7  6.0 41.   22.  8.83  0.10  109.  14.  2.47 1.00 -0.40  0.10  8.43  0.20  70.5  8.9  49.3  8.9 1.25  0.10  -1.66  0.20  7.176 0.063                 1.7  1.1                                     4.8  1.5  1.46 0.10 -2.99  0.20  5.85  0.10
NGC5194-33.2+58.0    7840  510           5710  450           200 45 5710 450 3870 640 5710 450 4910 530 200  45 37.0  9.6 32.   22.  8.84  0.10  168.  26.  1.87 0.80 -0.30  0.10  8.50  0.20  66.1 10.0 147.  27.  1.18  0.10  -1.44  0.20  7.402 0.073                 2.1  1.6                                    16.2  3.7  1.48 0.10 -2.46  0.20  6.38  0.10
NGC5194-62.2+50.3    8660  440           6340  490           102 37 6340 490 4770 690 6340 490 5660 580 102  37 32.5  7.3 21.6   9.9 8.733 0.099 102.  14.  1.66 0.50 -0.50  0.10  8.23  0.20  40.3  5.4  72.  12.  1.15  0.10  -1.62  0.10  7.111 0.066                 2.5  1.3                                    19.8  3.8  1.58 0.20 -2.24  0.10  6.494 0.094
NGC5194+75.5-28.7    8590  580                     5460  500 138 42 6170 500 4530 610 6170 500 5460 500 138  42 32.2  7.8 27.   12.  8.78  0.10  111.  17.  1.85 0.60 -0.50  0.10  8.31  0.20  52.6  7.6 115.  17.  1.18  0.10  -1.48  0.10  7.296 0.064                 2.2  1.1                                    10.8  2.1  1.49 0.10 -2.57  0.10  6.206 0.095
NGC5194+96.1+16.8    7220  610           5950  250            55 32 5950 250 4210 500 5950 250 5200 500 100 100 34.0  4.9 22.1   9.3 8.750 0.082 117.0  9.4 1.65 0.40 -0.460 0.072 8.29  0.10  44.5  3.5 141.  22.  1.15  0.10  -1.42  0.10  7.326 0.068                 2.5  1.2                                    14.3  3.0  1.59 0.20 -2.39  0.10  6.358 0.100
NGC5194+91.0+69.0   11340  570           6270  400 5220  350 299 47 6270 400 4680 580 6270 400 5220 350 299  47 39.0  7.9 20.6   8.1 8.775 0.082 138.  16.  1.53 0.40 -0.50  0.10  8.32  0.10  71.7  8.2 277.  30.  1.12  0.10  -1.18  0.10  7.590 0.058                 2.9  1.3                                    24.2  3.3  1.71 0.20 -2.16  0.10  6.617 0.074
NGC5194-86.5-79.4    7620  160           6050  120 5310  180 202 44 6050 120 4360 500 6050 120 5310 180 202  44 31.0  2.0 15.5   6.0 8.668 0.059 111.9  4.5 1.50 0.20 -0.440 0.033 8.225 0.068 58.7  2.3 119.4  6.6 1.11  0.10  -1.372 0.075 7.295 0.047                 3.0  1.2                                     7.37 0.50 1.75 0.20 -2.556 0.080 6.112 0.054
NGC5194-22.5+122.8                       6400  580            52 31 6400 580 4850 830 6400 580 5730 690 100 100 40.  10.  18.1   9.8 8.76  0.10  110.  18.  1.45 0.50 -0.60  0.10  8.21  0.20  49.6  7.8 128.  23.  1.10  0.10  -1.47  0.10  7.289 0.073                 3.2  1.9                                    13.5  3.1  1.83 0.20 -2.37  0.20  6.39  0.10
NGC5194+112.7+37.7                       6110  220            67 34 6110 220 4450 500 6110 220 5390 500 100 100 29.3  3.6 13.9   5.2 8.636 0.064 107.3  7.2 1.47 0.30 -0.440 0.060 8.199 0.088 53.2  3.5 121.  18.  1.10  0.10  -1.353 0.089 7.282 0.062                 3.1  1.3                                    10.4  2.2  1.80 0.20 -2.36  0.10  6.27  0.10
NGC5194+76.6+96.3    8080  300           6550  370           108 38 6550 370 5070 530 6550 370 5910 500 108  38 36.8  6.1 14.6   4.5 8.711 0.064  95.5  9.6 1.40 0.30 -0.590 0.084 8.13  0.10  62.4  6.0  43.6  5.9 1.08  0.10  -1.653 0.085 7.058 0.055                 3.5  1.2                                    10.6  1.7  1.97 0.20 -2.39  0.10  6.321 0.083
NGC5194-97.0-78.4    7850  390                     5550  160  70 35 6240 500 4640 500 6240 500 5550 160 100 100 43.  10.  28.2   9.7 8.852 0.086 109.  16.  1.66 0.50 -0.60  0.10  8.26  0.10  53.6  7.6 189.3  8.9 1.15  0.10  -1.406 0.098 7.445 0.048                 2.52 1.00                                   17.3  1.2  1.58 0.20 -2.41  0.10  6.437 0.053
NGC5194-3.0+131.9    7980  280           6950  450 6960  450  53 32 6950 450 5640 650 6950 450 6960 450 100 100 35.2  6.4 16.9   5.2 8.717 0.069  73.8  8.1 1.48 0.40 -0.680 0.092 8.04  0.10  38.0  4.0  59.1  5.1 1.10  0.10  -1.688 0.086 7.029 0.052   40.8     2.4  3.1  1.1    -0.60     0.10     8.10    0.20 10.5  1.1  1.78 0.20 -2.443 0.093 6.274 0.063
NGC5194-57.2+118.2   7570  190           7180  330 6420  400  65 35 7180 330 5970 500 7180 330 6420 400 100 100 26.2  3.3 11.9   2.5 8.581 0.047  61.4  4.7 1.45 0.20 -0.630 0.064 7.951 0.080 35.3  2.6  70.6  6.1 1.09  0.10  -1.516 0.070 7.064 0.051   21.9     3.2  3.21 0.80   -0.70     0.10     7.85    0.10 11.5  1.2  1.84 0.20 -2.255 0.079 6.326 0.063
NGC5194-78.9+107.4                       6810  520            46 31 6810 520 5440 740 6810 520 6210 620 100 100 48.  10.  15.5   5.9 8.801 0.080  91.  12.  1.32 0.40 -0.70  0.10  8.08  0.10  50.7  6.4  46.1  6.7 1.05  0.10  -1.79  0.10  7.008 0.060                 4.1  1.7                                    11.8  2.1  2.23 0.20 -2.38  0.10  6.418 0.088
NGC5194-82.0-102.7   7120  210           6480  440            57 32 6480 440 4970 630 6480 440 5820 520 100 100 28.1  5.7  7.9   3.0 8.555 0.078  76.2  9.3 1.28 0.30 -0.60  0.10  7.99  0.10  46.7  5.5  39.0  5.2 1.04  0.10  -1.607 0.097 6.949 0.058                 4.6  1.9                                     2.90 0.50 2.46 0.20 -2.70  0.10  5.854 0.093
NGC5194-66.6+122.9   6840  180           7260  370 6380  410  11 23 7260 370 6080 530 7260 370 6380 410 100 100 37.7  5.3 10.5   2.3 8.683 0.052  62.1  5.2 1.28 0.20 -0.780 0.071 7.900 0.088 27.7  2.2  75.2  6.9 1.04  0.10  -1.654 0.074 7.028 0.053                 4.6  1.1                                    15.9  1.8  2.47 0.20 -2.088 0.083 6.595 0.065
NGC5194+56.8+126.5   7310  450           6520  470            61 33 6520 470 5030 670 6520 470 5880 560 100 100 32.8  7.0  8.6   3.5 8.618 0.081  88.  11.  1.26 0.40 -0.60  0.10  8.05  0.10  62.3  7.7  22.9  3.6 1.03  0.10  -1.67  0.10  6.944 0.061                 4.8  2.1                                     7.4  1.4  2.58 0.30 -2.34  0.10  6.279 0.094
NGC5194+30.8+139.0   8150  240           6270  270 6470  340 115 38 6270 270 4660 500 6270 270 6470 340 115  38 48.4  6.5 22.2   7.6 8.849 0.061 109.0  8.7 1.46 0.30 -0.650 0.068 8.201 0.092 80.0  6.1  51.4  3.9 1.10  0.10  -1.691 0.079 7.159 0.050                 3.2  1.2                                     6.12 0.80 1.82 0.20 -2.801 0.093 6.048 0.070
NGC5194+104.1-105.5  7140  150           7000  180 6160  140 148 40 7000 180 5710 500 7000 180 6160 140 148  40 29.3  2.2 13.7   3.2 8.634 0.039  71.2  3.2 1.47 0.20 -0.610 0.038 8.019 0.054 26.6  1.1 154.4  5.5 1.10  0.10  -1.335 0.060 7.299 0.045                 3.13 0.80                                   16.78 0.70 1.81 0.20 -2.152 0.061 6.482 0.047
NGC5194+98.1-113.8   8100  110           6610  100 5810  110 177 42 6610 100 5160 500 6610 100 5810 110 177  42 29.0  1.4 14.2   4.0 8.636 0.042  87.3  2.7 1.49 0.20 -0.520 0.025 8.114 0.049 39.3  1.2 154.5  5.1 1.11  0.10  -1.305 0.062 7.331 0.045   24.20    0.90 3.04 0.90   -0.80     0.10     7.87    0.10 12.26 0.50 1.77 0.20 -2.299 0.063 6.337 0.046
NGC5194+71.2+135.9   6740  170           6740  190 5970  270  47 30 6740 190 5340 500 6740 190 5970 270 100 100 30.8  3.0  8.2   2.1 8.590 0.041  80.8  4.1 1.27 0.20 -0.580 0.047 8.010 0.063 40.1  2.0  77.0  5.2 1.03  0.10  -1.508 0.063 7.083 0.048                 4.8  1.3                                     8.05 0.70 2.56 0.30 -2.276 0.070 6.314 0.057
NGC5194+83.4-133.1   7580  160           6750  180 5900  220  69 34 6750 180 5360 500 6750 180 5900 220 100 100 31.6  2.6  8.8   2.3 8.607 0.037  89.6  4.4 1.28 0.20 -0.550 0.042 8.059 0.056 42.8  2.0 145.9  8.4 1.04  0.10  -1.316 0.061 7.292 0.048                 4.6  1.3                                    14.7  1.0  2.47 0.20 -2.047 0.065 6.560 0.053
NGC5194+109.9-121.4  8140  250           7360  320 6270  330  73 35 7360 320 6220 500 7360 320 6270 330 100 100 23.1  2.7 10.4   2.0 8.524 0.044  63.8  4.5 1.45 0.20 -0.560 0.059 7.967 0.074 41.2  2.8 134.  10.  1.09  0.10  -1.242 0.067 7.283 0.051   21.0     2.6  3.22 0.70   -0.70     0.10     7.83    0.10 13.9  1.3  1.84 0.20 -2.116 0.074 6.408 0.060
NGC5194+112.2-126.6                      7050  500            33 25 7050 500 5790 720 7050 500 6500 600 100 100 38.4  7.4 10.4   3.4 8.689 0.073  79.2  9.4 1.27 0.30 -0.690 0.098 8.00  0.10  43.6  5.0 102.  13.  1.03  0.10  -1.510 0.094 7.178 0.060                 4.7  1.7                                     8.5  1.7  2.53 0.30 -2.36  0.10  6.333 0.095
NGC5194+150.6+99.0   8800  360           7370  520 6530  380  94 38 7370 520 6240 740 7370 520 6530 380 100 100 32.2  6.1 14.1   4.1 8.666 0.069  68.6  7.8 1.44 0.40 -0.670 0.096 7.99  0.10  32.9  3.6 142.  12.  1.09  0.10  -1.384 0.087 7.281 0.053                 3.3  1.1                                    17.9  1.8  1.86 0.20 -2.142 0.093 6.523 0.062
NGC5194-159.5-116.4  8010  230           7030  410 6530  430 155 39 7030 410 5760 580 7030 410 6530 430 155  39 44.2  7.0  8.1   2.2 8.718 0.061  86.2  8.3 1.18 0.20 -0.710 0.080 8.01  0.10  58.1  5.4 110.4  9.8 1.01  0.10  -1.489 0.080 7.229 0.052                 6.5  1.9                                    11.4  1.3  3.51 0.40 -2.115 0.090 6.603 0.067
NGC5194+150.3+152.1  7620  590                                45 31 7620 590 6600 850 7620 590 7180 700 100 100 19.6  4.1  7.8   2.3 8.438 0.074  51.5  6.2 1.40 0.40 -0.60  0.10  7.86  0.10  39.7  4.6  50.7  6.4 1.08  0.10  -1.450 0.094 6.988 0.058   24.     10.   3.5  1.2    -0.50     0.20     7.93    0.20  7.2  1.3  1.97 0.20 -2.29  0.10  6.152 0.089
NGC5194-135.4-181.4  7640  200           7580  360 6490  280  45 31 7580 360 6540 520 7580 360 6490 280 100 100 27.6  3.6 11.9   2.2 8.597 0.046  48.8  3.7 1.43 0.20 -0.750 0.065 7.844 0.080 28.3  2.1 128.4  7.8 1.09  0.10  -1.366 0.067 7.232 0.049   26.5     5.2  3.32 0.70   -0.70     0.10     7.94    0.10 15.2  1.2  1.88 0.20 -2.140 0.072 6.457 0.055
NGC5194+114.5+230.8  7880  500           8520  360 7130  290 108 40 8520 360 7880 520 8520 360 7130 290 108  40 38.8  7.0  5.14  0.7 8.643 0.069  41.6  2.6 1.13 0.30 -0.970 0.083 7.67  0.10  21.1  1.3 107.0  6.0 0.990 0.099 -1.538 0.084 7.105 0.048    6.7     1.2  8.5  1.8    -0.890    0.098    7.76    0.10 13.87 0.90 4.95 0.50 -1.806 0.087 6.837 0.053
