NGC5194+3.3+9.1    |0.56 |0.015|  57.09| 0.8|  16.5397|   90.4555
NGC5194+2.5+9.5    |0.45 |0.014| 205.4 | 2.5|  10.7871|   43.2975
NGC5194+1.1+19.8   |0.39 |0.013| 170.  | 1.5|  21.9789|  204.974
NGC5194+0.2+20.2   |0.66 |0.013| 156.1 | 1.4|  14.2089|  106.304
NGC5194-6.9+20.8   |0.44 |0.013| 125.9 | 1.1|  12.5176|   62.5025
NGC5194-18.5+13.7  |0.61 |0.013| 368.7 | 3.1|  28.1297|  199.619
NGC5194+19.7+15.0  |0.56 |0.013| 236.9 | 1.8|  52.9425|  381.766
NGC5194+27.2+3.6   |0.39 |0.013| 320.5 | 2. |  19.7454|  150.919
NGC5194+21.3+19.6  |0.6  |0.013| 185.4 | 1.2|  42.7192|  285.337
NGC5194+30.2+2.2   |1.032|0.013| 350.9 | 1.6|  35.9177|  258.49
NGC5194-27.9-18.1  |0.54 |0.013| 364.7 | 2.2|  58.3163|  451.265
NGC5194+16.3+30.8  |0.49 |0.013| 244.1 | 2.1| 114.323 |  740.026
NGC5194+17.7+30.2  |0.47 |0.013| 258.5 | 1.7|  86.4127|  621.327
NGC5194+4.1+56.5   |0.46 |0.013|1082.  |11. |  64.51  |  463.419
NGC5194-4.3+63.3   |0.28 |0.013| 726.8 | 3.8|  52.0676|  427.419
NGC5194-33.2+58.0  |0.64 |0.013| 464.2 | 2.3| 141.15  |  973.029
NGC5194+42.7-55.8  |0.66 |0.013| 161.7 | 1.3|  47.9091|  362.04
NGC5194+62.7-36.9  |0.15 |0.013| 130.3 | 1.3|  42.6958|  330.922
NGC5194-65.0+30.5  |0.63 |0.013| 123.8 | 1.3|  53.3663|  361.253
NGC5194-62.2+50.3  |0.42 |0.013| 335.  | 1.4|  32.7819|  274.474
NGC5194+75.5-28.7  |0.56 |0.013| 291.  | 1.9|  52.4442|  588.544
NGC5194+81.9-5.4   |0.59 |0.013| 307.3 | 2.6|  46.4762|  348.255
NGC5194+93.6+5.9   |0.48 |0.013| 286.7 | 2.3| 136.166 | 1461.2
NGC5194-96.5-4.5   |0.41 |0.013| 334.  | 1.5|  34.9982|  271.77
NGC5194+96.1+16.8  |0.23 |0.013| 210.8 | 2.1|1676.77  |10484.2
NGC5194-98.9-52.8  |0.4  |0.013| 362.8 | 2.1| 102.711 |  800.188
NGC5194+91.0+69.0  |0.85 |0.013| 181.3 | 1.1| 237.994 | 1389.88
NGC5194+83.6+82.0  |0.43 |0.013| 329.7 | 2.7| 100.605 |  696.031
NGC5194-110.3-31.3 |0.44 |0.013| 336.2 | 1.6|  56.5053|  382.151
NGC5194-86.5-79.4  |0.34 |0.013|2217.7 | 4.9|  50.9072|  473.327
NGC5194-22.5+122.8 |0.7  |0.013| 233.7 | 1.8|  99.5986|  851.138
NGC5194+112.7+37.7 |0.25 |0.013| 440.3 | 2.6| 191.638 | 1137.2
NGC5194+76.6+96.3  |0.45 |0.013| 293.4 | 2.6|  64.9919|  448.985
NGC5194-97.0-78.4  |0.27 |0.013| 495.4 | 1.6|  88.2971|  605.037
NGC5194-3.0+131.9  |0.53 |0.013| 307.9 | 2.5|  90.321 |  660.182
NGC5194-57.2+118.2 |0.53 |0.013| 475.7 | 2.4|  56.6786|  396.246
NGC5194-78.9+107.4 |0.65 |0.013| 203.7 | 1.2| 373.089 | 1901.35
NGC5194-82.0-102.7 |0.54 |0.013| 641.6 | 4.3|  47.0564|  299.628
NGC5194-59.0-121.4 |0.47 |0.013| 275.3 | 1.4|  26.3186|  202.818
NGC5194-60.0-121.3 |0.62 |0.013| 255.5 | 2.2|  20.7213|  176.227
NGC5194+77.5+108.4 |0.38 |0.013| 352.4 | 3.2| 116.142 | 1161.44
NGC5194+12.0-140.7 |0.55 |0.013| 106.6 | 1. | 117.757 |  697.768
NGC5194-66.6+122.9 |0.49 |0.013| 518.2 | 3.2| 318.851 | 1579.76
NGC5194+13.3-141.3 |0.12 |0.021|  26.36| 0.7|  54.6402|  262.951
NGC5194-129.7+28.3 |0.55 |0.013| 141.8 | 1.7| 110.698 |  782.52
NGC5194+56.8+126.5 |0.43 |0.013| 307.5 | 2.9|  90.1033|  586.791
NGC5194+30.8+139.0 |0.27 |0.013| 713.9 | 4.5|  56.5317|  428.317
NGC5194+65.0+127.7 |0.24 |0.013| 310.7 | 2.9|  35.8426|  285.507
NGC5194+104.1-105.5|0.39 |0.013| 892.  | 3.6| 123.962 |  900.171
NGC5194+92.3-118.5 |0.53 |0.013| 135.1 | 1.3| 103.975 |  678.619
NGC5194+98.1-113.8 |0.34 |0.013|2062.1 | 5.6|  88.0754|  706.684
NGC5194+146.4-6.7  |0.36 |0.013| 258.6 | 2.1|  62.4181|  358.411
NGC5194+71.2+135.9 |0.42 |0.013|1100.1 | 8.9|  45.5374|  380.242
NGC5194+83.4-133.1 |0.33 |0.013| 951.4 | 3.6| 182.907 | 1291.99
NGC5194+147.7-7.6  |0.3  |0.013| 159.3 | 1.2|  78.4809|  306.437
NGC5194+63.1-149.7 |0.3  |0.013| 163.2 | 1.4|  96.0405|  686.274
NGC5194+60.2+147.9 |0.53 |0.019| 354.8 | 4.7| 133.269 | 1204.95
NGC5194+109.9-121.4|0.3  |0.013| 516.6 | 2. | 131.312 |  968.162
NGC5194+112.2-126.6|0.38 |0.013| 166.3 | 1.2| 137.366 |  805.561
NGC5194+150.6+99.0 |0.51 |0.013| 218.1 | 1.7| 660.085 | 5104.79
NGC5194-159.5-116.4|0.48 |0.013| 283.6 | 1.5| 342.565 | 1266.71
NGC5194+150.3+152.1|0.27 |0.013| 193.8 | 1.6| 166.703 | 1296.68
NGC5194-135.4-181.4|0.44 |0.013| 429.7 | 1.7| 144.505 |  859.773
NGC5194+114.5+230.8|0.59 |0.013| 356.5 | 3.5| 160.173 | 2852.77
